


ESS_output_variance = ...
            [0.9800  145.5287         0   18.0000         0
             0.9800  145.4796    0.0698   18.0000    0.5000
             0.9900  144.9711    0.3453   18.0000    1.0000
             0.9900  144.5327    2.5607   18.0000    3.0000
             1.0200  142.4414    7.3301   18.0000    5.0000
             1.0500  140.1439   15.0266   18.0000    7.0000
             1.0900  137.1292   26.4530   18.0000    9.0000
             0.9800  145.5287         0   18.0000         0];
         
            


            
% To generate I used 1 trial, 2 years, round(0.52:0.001:0.63,5), wit
% increase of trait values each parameter set trait_values = round(trait_values + 0.005,5);
% The mu_vector was mu_h_E_vector= 10:0.1:22;
ESS_output_mean = ...
    [ ];




ESS_output_timing_cue_mean =...
    [
    ];


ESS_output_timing_cue_variance =...
    [
    ];

